-50.0
-45.0
-45.0
-45.0
-45.0
-45.0
344.0
344.0
344.0
344.0
344.0
344.0
344.0
344.0
344.0
344.0
466.0
466.0
466.0
466.0
466.0
466.0
466.0
1300.0
1300.0
1300.0
1300.0
1300.0
1300.0
1300.0
1300.0
1300.0
1300.0
1300.0
1300.0
1300.0
1300.0
1300.0
1300.0
1300.0
1300.0
1300.0
1300.0
1300.0
1300.0
1300.0
1300.0
1300.0
1300.0
1300.0
1300.0
1300.0
1300.0
1300.0
1300.0
1300.0
1300.0
1300.0
1300.0
1300.0
1300.0
1300.0
1300.0
1300.0
1300.0
1300.0
1300.0
1300.0
1300.0
1300.0
1300.0
1300.0
1300.0
1300.0
1300.0
1300.0
1300.0
1980.0
1980.0
1980.0
1980.0
1980.0
1980.0
1980.0
1980.0
1980.0
1980.0
1980.0
1980.0
1980.0
1980.0
1980.0
1980.0
1980.0
1980.0
1980.0
1980.0
1980.0
1980.0
1980.0
